200 2.94665 3.34097 0 0
250 2.11797 2.83475 0 0
300 2.44735 2.69926 0 0
350 2.75854 3.09442 0 0
400 3.1429 3.52681 0 0
450 3.42392 3.87651 0 0
500 3.73384 4.25013 0 0
550 4.11901 4.65961 0 0
600 4.4071 5.02342 0 0
650 4.72045 5.40198 0 0
700 5.05487 5.76675 0 0
750 5.33915 6.13944 0 0
800 5.71002 6.63599 0 0
850 6.01397 6.94119 0 0
900 6.33038 7.34102 0 0
950 6.6794 7.67953 0 0
1000 6.97834 8.09079 0 0
1050 7.23303 8.34781 0 0
1100 7.57552 8.81052 0 0
1150 7.87747 9.17343 0 0
1200 8.23827 9.59272 0 0
1250 8.5319 10.0054 0 0
1300 9.02767 10.3851 0 0
